90
22
8
10
93
33
25
5
52
72
30
91
5
93
52
5
17
16
12
62
00
59
31
97
24
65
70
18
67
58
39
68
15
17
84
84
68
78
11
87
58
63
11
68
20
18
62
39
82
73
72
24
94
32
29
22
12
58
92
82
64
34
92
04
00
32
98
30
98
56
6
94
20
7
53
36
94
34
22
17
80
07
51
98
05
36
26
21
92
59
76
60
61
3
74
07
73
77
73
02
3
15
05
64
96
92
8
95
51
26
2
51
32
67
93
52
92
73
93
86
80
16
15
85
80
93
99
21
22
17
11
38
20
16
24
3
28
92
34
3
1
95
88
99
24
00
02
69
09
51
55
2
99
92
17
15
80
93
87
89
25
95
63
39
66
544
88
79
97
98
70
91
87
544
97
80
06
74
31
94
95
56
56
77
07
50
93
21
9
36
08
50
15
97
13
80
03
39
82
54
84
38
54
85
61
66
66
04
14
70
51
19
59
29
0
30
2
69
60
20
55
75
63
15
63
55
33
00
07
35
14
8
70
80
66
75
98
01
89
03
86
75
84
27
53
89
64
95
59
62
38
39
77
29
09
35
01
83
92
32
62
89
19
59
95
03
17
31
52
38
24
73
75
55
59
79
62
70
23
01
80
02
96
2
25
35
98
30
544
58
59
65
0
11
51
67
83
16
67
5
