22
65
79
33
87
48
49
6
24
61
67
33
32
87
22
41
32
13
22
77
2
39
8
38
61
48
71
69
52
68
45
8
18
32
34
15
5
39
100
99
45
70
49
80
48
22
89
29
13
45
36
89
23
94
15
72
34
58
56
38
35
87
9
88
8
100
74
48
69
14
67
39
7
2
88
91
21
94
3
25
48
9
72
27
28
37
49
9
84
48
68
68
38
72
87
8
63
95
80
59
26
66
87
30
7
30
50
16
97
25
54
17
44
38
4
36
1
79
59
53
40
28
68
87
95
94
42
69
66
51
16
25
48
52
13
49
22
12
55
58
41
26
100
3
87
45
50
90
58
25
18
47
57
92
9
98
93
12
90
58
3
72
54
72
28
54
68
82
44
77
75
80
8
29
34
93
51
55
47
55
56
6
10
55
92
40
46
4
65
14
69
60
10
69
100
40
13
10
97
88
88
77
74
76
87
76
53
17
95
6
77
39
67
39
15
31
60
48
62
22
42
26
54
56
41
35
55
36
31
78
78
40
25
22
31
97
35
43
82
44
28
98
71
84
61
53
50
79
48
84
60
52
10
43
35
58
74
63
33
62
24
51
51
26
16
82
34
57
34
78
74
35
6
60
81
25
33
15
70
51
75
85
59
10
72
19
45
56
69
99
73
97
31
49
85
35
23
56
17
40
