19 6 52 64.5
17 14 33 48.5
11 21 33 49.0
18 9 24 37.5
10 22 11 27.0
8 14 13 24.0
24 16 64 84.0
18 11 63 77.5
20 18 9 28.0
25 24 48 72.5
9 8 12 20.5
19 15 66 83.0
4 5 58 62.5
17 4 43 53.5
22 14 12 30.0
0 21 18 28.5
15 11 23 36.0
11 13 75 87.0
6 4 0 5.0
20 13 64 80.5
10 25 49 66.5
15 22 46 64.5
7 24 18 33.5
22 23 57 79.5
14 14 23 37.0
14 21 45 62.5
12 11 11 22.5
23 3 55 68.0
19 24 8 29.5
12 6 46 55.0
21 24 41 63.5
11 7 64 73.0
12 10 33 44.0
24 5 47 61.5
19 6 48 60.5
5 2 1 4.5
23 2 53 65.5
21 6 46 59.5
11 17 58 72.0
14 15 38 52.5
1 24 24 36.5
12 6 9 18.0
7 4 45 50.5
15 16 36 51.5
7 18 24 36.5
12 9 35 45.5
4 24 26 40.0
5 24 65 79.5
17 0 23 31.5
1 25 42 55.0
3 17 14 24.0
18 8 53 66.0
2 11 52 58.5
3 0 41 42.5
7 24 44 59.5
7 8 29 36.5
14 10 64 76.0
11 16 10 23.5
13 23 30 48.0
7 21 12 26.0
17 14 63 78.5
25 25 40 65.0
15 8 21 32.5
13 0 60 66.5
25 2 11 24.5
21 8 2 16.5
21 25 48 71.0
8 15 65 76.5
9 17 55 68.0
7 7 34 41.0
17 23 4 24.0
23 4 57 70.5
7 14 25 35.5
9 8 70 78.5
9 7 2 10.0
7 1 39 43.0
12 19 57 72.5
7 13 23 33.0
11 5 11 19.0
6 6 39 45.0
0 22 51 62.0
7 14 63 73.5
15 25 14 34.0
13 0 39 45.5
7 24 66 81.5
6 5 46 51.5
13 2 39 46.5
3 6 15 19.5
19 5 39 51.0
12 19 59 74.5
15 2 0 8.5
10 7 43 51.5
19 5 45 57.0
23 20 17 38.5
3 17 38 48.0
20 12 23 39.0
0 3 36 37.5
3 24 27 40.5
24 19 58 79.5
9 9 18 27.0
